%% Codebook Red
CB(:,:,1) = [0.0814 + 0.3862i  -0.1895 - 0.8991i   0.1895 + 0.8991i  -0.0814 - 0.3862i;...
   0.4775 - 0.7850i   0.2051 - 0.3372i  -0.2051 + 0.3372i  -0.4775 + 0.7850i;...
   0.0000 + 0.0000i   0.0000 + 0.0000i   0.0000 + 0.0000i   0.0000 + 0.0000i;...
   0.0000 + 0.0000i   0.0000 + 0.0000i   0.0000 + 0.0000i   0.0000 + 0.0000i];


CB(:,:,2) = [-0.2938 + 0.2636i   0.6839 - 0.6136i  -0.6839 + 0.6136i   0.2938 - 0.2636i;...
   0.0000 + 0.0000i   0.0000 + 0.0000i   0.0000 + 0.0000i   0.0000 + 0.0000i;...
   0.9186 + 0.0211i   0.3946 + 0.0091i  -0.3946 - 0.0091i  -0.9186 - 0.0211i;...
   0.0000 + 0.0000i   0.0000 + 0.0000i   0.0000 + 0.0000i   0.0000 + 0.0000i];


CB(:,:,3) = [-0.3752 - 0.1226i   0.8733 + 0.2855i  -0.8733 - 0.2855i   0.3752 + 0.1226i;...
   0.0000 + 0.0000i   0.0000 + 0.0000i   0.0000 + 0.0000i   0.0000 + 0.0000i;...
   0.0000 + 0.0000i   0.0000 + 0.0000i   0.0000 + 0.0000i   0.0000 + 0.0000i;...
  -0.4410 - 0.8060i  -0.1895 - 0.3463i   0.1895 + 0.3463i   0.4410 + 0.8060i];


CB(:,:,4) = [0.0000 + 0.0000i   0.0000 + 0.0000i   0.0000 + 0.0000i   0.0000 + 0.0000i;...
  -0.3752 - 0.1226i   0.8733 + 0.2855i  -0.8733 - 0.2855i   0.3752 + 0.1226i;...
  -0.4410 - 0.8060i  -0.1895 - 0.3463i   0.1895 + 0.3463i   0.4410 + 0.8060i;...
   0.0000 + 0.0000i   0.0000 + 0.0000i   0.0000 + 0.0000i   0.0000 + 0.0000i];


CB(:,:,5) = [0.0000 + 0.0000i   0.0000 + 0.0000i   0.0000 + 0.0000i   0.0000 + 0.0000i;...
   0.0814 + 0.3862i  -0.1895 - 0.8991i   0.1895 + 0.8991i  -0.0814 - 0.3862i;...
   0.0000 + 0.0000i   0.0000 + 0.0000i   0.0000 + 0.0000i   0.0000 + 0.0000i;...
   0.4775 - 0.7850i   0.2051 - 0.3372i  -0.2051 + 0.3372i  -0.4775 + 0.7850i];


CB(:,:,6) = [ 0.0000 + 0.0000i   0.0000 + 0.0000i   0.0000 + 0.0000i   0.0000 + 0.0000i;...
   0.0000 + 0.0000i   0.0000 + 0.0000i   0.0000 + 0.0000i   0.0000 + 0.0000i;...
  -0.2938 + 0.2636i   0.6839 - 0.6136i  -0.6839 + 0.6136i   0.2938 - 0.2636i;...
   0.9186 + 0.0211i   0.3946 + 0.0091i  -0.3946 - 0.0091i  -0.9186 - 0.0211i];


%% Proposed Blue

CB(:,:,1) = [0.0613 + 0.3165i  -0.1800 - 0.9293i   0.1800 + 0.9293i  -0.0613 - 0.3165i;...
   0.4160 - 0.8503i   0.1417 - 0.2896i  -0.1417 + 0.2896i  -0.4160 + 0.8503i;...
   0.0000 + 0.0000i   0.0000 + 0.0000i   0.0000 + 0.0000i   0.0000 + 0.0000i;...
   0.0000 + 0.0000i   0.0000 + 0.0000i   0.0000 + 0.0000i   0.0000 + 0.0000i];


CB(:,:,2) = [-0.2434 + 0.2113i   0.7148 - 0.6206i  -0.7148 + 0.6206i   0.2434 - 0.2113i;...
   0.0000 + 0.0000i   0.0000 + 0.0000i   0.0000 + 0.0000i   0.0000 + 0.0000i;...
   0.9444 - 0.0649i   0.3216 - 0.0221i  -0.3216 + 0.0221i  -0.9444 + 0.0649i;...
   0.0000 + 0.0000i   0.0000 + 0.0000i   0.0000 + 0.0000i   0.0000 + 0.0000i];


CB(:,:,3) = [-0.3047 - 0.1052i   0.8948 + 0.3088i  -0.8948 - 0.3088i   0.3047 + 0.1052i;...
   0.0000 + 0.0000i   0.0000 + 0.0000i   0.0000 + 0.0000i   0.0000 + 0.0000i;...
   0.0000 + 0.0000i   0.0000 + 0.0000i   0.0000 + 0.0000i   0.0000 + 0.0000i;...
  -0.5284 - 0.7854i  -0.1800 - 0.2675i   0.1800 + 0.2675i   0.5284 + 0.7854i];


CB(:,:,4) = [0.0000 + 0.0000i   0.0000 + 0.0000i   0.0000 + 0.0000i   0.0000 + 0.0000i;...
  -0.3047 - 0.1052i   0.8948 + 0.3088i  -0.8948 - 0.3088i   0.3047 + 0.1052i;...
  -0.5284 - 0.7854i  -0.1800 - 0.2675i   0.1800 + 0.2675i   0.5284 + 0.7854i;...
   0.0000 + 0.0000i   0.0000 + 0.0000i   0.0000 + 0.0000i   0.0000 + 0.0000i];


CB(:,:,5) = [0.0000 + 0.0000i   0.0000 + 0.0000i   0.0000 + 0.0000i   0.0000 + 0.0000i;...
   0.0613 + 0.3165i  -0.1800 - 0.9293i   0.1800 + 0.9293i  -0.0613 - 0.3165i;...
   0.0000 + 0.0000i   0.0000 + 0.0000i   0.0000 + 0.0000i   0.0000 + 0.0000i;...
   0.4160 - 0.8503i   0.1417 - 0.2896i  -0.1417 + 0.2896i  -0.4160 + 0.8503i];


CB(:,:,6) = [0.0000 + 0.0000i   0.0000 + 0.0000i   0.0000 + 0.0000i   0.0000 + 0.0000i;...
   0.0000 + 0.0000i   0.0000 + 0.0000i   0.0000 + 0.0000i   0.0000 + 0.0000i;...
  -0.2434 + 0.2113i   0.7148 - 0.6206i  -0.7148 + 0.6206i   0.2434 - 0.2113i;...
   0.9444 - 0.0649i   0.3216 - 0.0221i  -0.3216 + 0.0221i  -0.9444 + 0.0649i];



%% Proposed Green

CB(:,:,1) = [0.0274 + 0.3419i  -0.0751 - 0.9363i   0.0751 + 0.9363i  -0.0274 - 0.3419i;...
   0.6909 - 0.6363i   0.2523 - 0.2324i  -0.2523 + 0.2324i  -0.6909 + 0.6363i;...
   0.0000 + 0.0000i   0.0000 + 0.0000i   0.0000 + 0.0000i   0.0000 + 0.0000i;...
   0.0000 + 0.0000i   0.0000 + 0.0000i   0.0000 + 0.0000i   0.0000 + 0.0000i];


CB(:,:,2) = [-0.2824 + 0.1947i   0.7733 - 0.5332i  -0.7733 + 0.5332i   0.2824 - 0.1947i;...
   0.0000 + 0.0000i   0.0000 + 0.0000i   0.0000 + 0.0000i   0.0000 + 0.0000i;...
   0.8966 + 0.2802i   0.3274 + 0.1023i  -0.3274 - 0.1023i  -0.8966 - 0.2802i;...
   0.0000 + 0.0000i   0.0000 + 0.0000i   0.0000 + 0.0000i   0.0000 + 0.0000i];


CB(:,:,3) = [-0.3098 - 0.1472i   0.8484 + 0.4031i  -0.8484 - 0.4031i   0.3098 + 0.1472i;...
   0.0000 + 0.0000i   0.0000 + 0.0000i   0.0000 + 0.0000i   0.0000 + 0.0000i;...
   0.0000 + 0.0000i   0.0000 + 0.0000i   0.0000 + 0.0000i   0.0000 + 0.0000i;...
  -0.2056 - 0.9165i  -0.0751 - 0.3347i   0.0751 + 0.3347i   0.2056 + 0.9165i];


CB(:,:,4) = [0.0000 + 0.0000i   0.0000 + 0.0000i   0.0000 + 0.0000i   0.0000 + 0.0000i;...
  -0.3098 - 0.1472i   0.8484 + 0.4031i  -0.8484 - 0.4031i   0.3098 + 0.1472i;...
  -0.2056 - 0.9165i  -0.0751 - 0.3347i   0.0751 + 0.3347i   0.2056 + 0.9165i;...
   0.0000 + 0.0000i   0.0000 + 0.0000i   0.0000 + 0.0000i   0.0000 + 0.0000i];


CB(:,:,5) = [0.0000 + 0.0000i   0.0000 + 0.0000i   0.0000 + 0.0000i   0.0000 + 0.0000i;...
   0.0274 + 0.3419i  -0.0751 - 0.9363i   0.0751 + 0.9363i  -0.0274 - 0.3419i;...
   0.0000 + 0.0000i   0.0000 + 0.0000i   0.0000 + 0.0000i   0.0000 + 0.0000i;...
   0.6909 - 0.6363i   0.2523 - 0.2324i  -0.2523 + 0.2324i  -0.6909 + 0.6363i];


CB(:,:,6) = [0.0000 + 0.0000i   0.0000 + 0.0000i   0.0000 + 0.0000i   0.0000 + 0.0000i;...
   0.0000 + 0.0000i   0.0000 + 0.0000i   0.0000 + 0.0000i   0.0000 + 0.0000i;...
  -0.2824 + 0.1947i   0.7733 - 0.5332i  -0.7733 + 0.5332i   0.2824 - 0.1947i;...
   0.8966 + 0.2802i   0.3274 + 0.1023i  -0.3274 - 0.1023i  -0.8966 - 0.2802i];



